"","Amazon","Atlantic Forest","Caatinga","Cerrado","Pampa","Pantanal","TOTAL"
"Amazon",0,0.186,0.196,0.35,0.059,0.231,1.022
"Atlantic Forest",0.186,0,0.39,0.433,0.238,0.226,1.473
"Caatinga",0.196,0.39,0,0.373,0.108,0.225,1.292
"Cerrado",0.35,0.433,0.373,0,0.153,0.329,1.638
"Pampa",0.059,0.238,0.108,0.153,0,0.133,0.691
"Pantanal",0.231,0.226,0.225,0.329,0.133,0,1.144
